method1 0.030792345780838004 0.3716668795893889 64.0
method3 0.011786887631579823 0.3660717998511923 157.4
method4 8.703994645560502e-07 0.3150897841203806 315.6
method5 0.010528362724918172 0.11138858389644443 208.25

method1 0.05533449966515789 0.47927326488626487 51.5
method1 0.05533449966515789 0.47927326488626487 51.5
method1 0.06351521762659786 0.5151420599852236 47.333333333333336
method1 0.05503726187304986 0.47911425243320144 59.333333333333336
method3 0.011786887631579823 0.3660717998511923 157.4
method3 0.011786887631579823 0.3660717998511923 157.4
method3 0.011786887631579823 0.3660717998511923 157.4
